              precision    recall  f1-score   support

           0     0.8029    0.8106    0.8067       623
           1     0.8585    0.8705    0.8645       502
           2     0.8156    0.8423    0.8287       336
           3     0.9325    0.9157    0.9240       166
           4     0.8142    0.8371    0.8255       534
           5     0.9823    0.9810    0.9817       791
           6     0.7759    0.5882    0.6691       153
           7     0.7462    0.7546    0.7504       974
           8     0.6928    0.5773    0.6298       414
           9     0.9783    0.9832    0.9807      1009
          10     0.9745    0.9503    0.9623       161
          11     0.8300    0.7450    0.7852       498
          12     0.8243    0.8179    0.8211       648
          13     0.8482    0.8315    0.8398      1015
          14     0.8898    0.9280    0.9085       861
          15     0.9186    0.9814    0.9489       161
          16     0.7803    0.8178    0.7986       999
          17     0.9308    0.8970    0.9136       165
          18     0.8897    0.8981    0.8939       952
          19     0.8496    0.8576    0.8536       955
          20     0.8694    0.8204    0.8442       284
          21     0.8998    0.9359    0.9175       998
          22     0.7865    0.7896    0.7881       518
          23     0.9700    0.9809    0.9754      2042
          24     0.9281    0.8798    0.9033       499
          25     0.9457    0.9457    0.9457       552
          26     0.9663    0.9885    0.9773       174

    accuracy                         0.8751     16984
   macro avg     0.8704    0.8602    0.8644     16984
weighted avg     0.8742    0.8751    0.8742     16984
