              precision    recall  f1-score   support

           0     0.8320    0.8266    0.8293       623
           1     0.9053    0.8765    0.8907       502
           2     0.8128    0.9048    0.8563       336
           3     0.9053    0.9217    0.9134       166
           4     0.8099    0.8539    0.8314       534
           5     0.9848    0.9810    0.9829       791
           6     0.7895    0.5882    0.6742       153
           7     0.7916    0.7372    0.7634       974
           8     0.6598    0.6981    0.6784       414
           9     0.9756    0.9921    0.9838      1009
          10     0.9571    0.9689    0.9630       161
          11     0.8052    0.8052    0.8052       498
          12     0.8746    0.8071    0.8395       648
          13     0.8800    0.8739    0.8769      1015
          14     0.8921    0.9408    0.9158       861
          15     0.9341    0.9689    0.9512       161
          16     0.8350    0.8458    0.8404       999
          17     0.9427    0.8970    0.9193       165
          18     0.8844    0.9401    0.9114       952
          19     0.8862    0.8482    0.8668       955
          20     0.9143    0.7887    0.8469       284
          21     0.9070    0.9579    0.9318       998
          22     0.8690    0.8069    0.8368       518
          23     0.9698    0.9912    0.9804      2042
          24     0.9511    0.8958    0.9226       499
          25     0.9602    0.9620    0.9611       552
          26     0.9942    0.9885    0.9914       174

    accuracy                         0.8917     16984
   macro avg     0.8861    0.8766    0.8802     16984
weighted avg     0.8915    0.8917    0.8910     16984
